%YAML:1.0
---
type: IMU
name: gpr_xsens
Gyr:
   unit: " rad/s"
   avg-axis:
      gyr_n: 2.2781068490832449e-03
      gyr_w: 5.0178338220630762e-05
   x-axis:
      gyr_n: 2.1776184848190522e-03
      gyr_w: 3.6449832271418290e-05
   y-axis:
      gyr_n: 2.4327901680205521e-03
      gyr_w: 5.1086692770445690e-05
   z-axis:
      gyr_n: 2.2239118944101305e-03
      gyr_w: 6.2998489620028300e-05
Acc:
   unit: " m/s^2"
   avg-axis:
      acc_n: 8.2739414349870515e-03
      acc_w: 1.3311015476117518e-04
   x-axis:
      acc_n: 8.8760010669335261e-03
      acc_w: 1.1892392621422583e-04
   y-axis:
      acc_n: 8.7868065598784052e-03
      acc_w: 1.3077828391564310e-04
   z-axis:
      acc_n: 7.1590166781492250e-03
      acc_w: 1.4962825415365660e-04
